    1000.0      0.96841    
    1290.0      0.98416    
    1580.0      0.89669    
    1870.0      0.92998    
    2160.0      0.95073    
    2450.0      0.96431    
    2740.0      0.97341    
    3030.0      0.97971    
    3320.0      0.98418    
    3610.0      0.98744    
    3900.0      0.98987    
    4190.0      0.99172    
    4480.0      0.99315    
    4770.0      0.99426    
    5060.0      0.99515    
    5350.0      0.99587    
    5640.0      0.99645    
    5930.0      0.99693    
    6220.0      0.99732    
    6510.0      0.99765    
    6800.0      0.99793    
    7090.0      0.99817    
    7380.0      0.99837    
    7670.0      0.99854    
    7960.0      0.99869    
    8250.0      0.99882    
    8540.0      0.99894    
    8830.0      0.99904    
    9120.0      0.99912    
    9410.0      0.99920    
    9700.0      0.99927    
    9990.0      0.99933    
    10280.      0.99938    
    10570.      0.99943    
    10860.      0.99948    
    11150.      0.99952    
    11440.      0.99955    
    11730.      0.99958    
    12020.      0.99961    
    12310.      0.99964    
    12600.      0.99966    
    12890.      0.99968    
    13180.      0.99970    
    13470.      0.99972    
    13760.      0.99974    
    14050.      0.99976    
    14340.      0.99977    
    14630.      0.99978    
    14920.      0.99980    
    15210.      0.99981    
    15500.      0.99982    
    15790.      0.99983    
    16080.      0.99984    
    16370.      0.99985    
    16660.      0.99985    
    16950.      0.99986    
    17240.      0.99987    
    17530.      0.99987    
    17820.      0.99988    
    18110.      0.99989    
    18400.      0.99989    
    18690.      0.99990    
    18980.      0.99990    
    19270.      0.99990    
    19560.      0.99991    
    19850.      0.99991    
    20140.      0.99992    
    20430.      0.99992    
    20720.      0.99992    
    21010.      0.99993    
    21300.      0.99993    
    21590.      0.99993    
    21880.      0.99993    
    22170.      0.99994    
    22460.      0.99994    
    22750.      0.99994    
    23040.      0.99994    
    23330.      0.99995    
    23620.      0.99995    
    23910.      0.99995    
    24200.      0.99995    
    24490.      0.99995    
    24780.      0.99995    
    25070.      0.99996    
    25360.      0.99996    
    25650.      0.99996    
    25940.      0.99996    
    26230.      0.99996    
    26520.      0.99996    
    26810.      0.99996    
    27100.      0.99996    
    27390.      0.99997    
    27680.      0.99997    
    27970.      0.99997    
    28260.      0.99997    
    28550.      0.99997    
    28840.      0.99997    
    29130.      0.99997    
    29420.      0.99997    
    29710.      0.99997    
    30000.      0.99997   