    1000.0      0.33697E-08
    1290.0      0.73997E-04
    1580.0      0.50088E-02
    1870.0      0.39170E-01
    2160.0      0.11992    
    2450.0      0.23228    
    2740.0      0.35153    
    3030.0      0.46165    
    3320.0      0.55626    
    3610.0      0.63456    
    3900.0      0.69822    
    4190.0      0.74952    
    4480.0      0.79088    
    4770.0      0.82425    
    5060.0      0.85130    
    5350.0      0.87335    
    5640.0      0.89144    
    5930.0      0.90638    
    6220.0      0.91879    
    6510.0      0.92918    
    6800.0      0.93791    
    7090.0      0.94529    
    7380.0      0.95157    
    7670.0      0.95694    
    7960.0      0.96156    
    8250.0      0.96554    
    8540.0      0.96900    
    8830.0      0.97201    
    9120.0      0.97464    
    9410.0      0.97695    
    9700.0      0.97898    
    9990.0      0.98077    
    10280.      0.98237    
    10570.      0.98378    
    10860.      0.98504    
    11150.      0.98617    
    11440.      0.98718    
    11730.      0.98809    
    12020.      0.98891    
    12310.      0.98964    
    12600.      0.99031    
    12890.      0.99092    
    13180.      0.99146    
    13470.      0.99196    
    13760.      0.99242    
    14050.      0.99283    
    14340.      0.99321    
    14630.      0.99356    
    14920.      0.99388    
    15210.      0.99417    
    15500.      0.99444    
    15790.      0.99469    
    16080.      0.99492    
    16370.      0.99514    
    16660.      0.99533    
    16950.      0.99552    
    17240.      0.99568    
    17530.      0.99584    
    17820.      0.99599    
    18110.      0.99612    
    18400.      0.99625    
    18690.      0.99636    
    18980.      0.99647    
    19270.      0.99657    
    19560.      0.99667    
    19850.      0.99676    
    20140.      0.99683    
    20430.      0.99691    
    20720.      0.99699    
    21010.      0.99707    
    21300.      0.99713    
    21590.      0.99720    
    21880.      0.99726    
    22170.      0.99732    
    22460.      0.99737    
    22750.      0.99742    
    23040.      0.99747    
    23330.      0.99751    
    23620.      0.99755    
    23910.      0.99759    
    24200.      0.99763    
    24490.      0.99767    
    24780.      0.99770    
    25070.      0.99773    
    25360.      0.99776    
    25650.      0.99779    
    25940.      0.99782    
    26230.      0.99785    
    26520.      0.99787    
    26810.      0.99790    
    27100.      0.99792    
    27390.      0.99794    
    27680.      0.99796    
    27970.      0.99798    
    28260.      0.99800    
    28550.      0.99801    
    28840.      0.99803    
    29130.      0.99805    
    29420.      0.99806    
    29710.      0.99808    
    30000.      0.99809    
