           x            y  P.Density  Filtering
-3.72500e+00 -9.30000e-01  2.638e+01  1.649e+01
-3.37024e+00 -9.30000e-01  2.666e+01  1.677e+01
-3.01548e+00 -9.30000e-01  2.690e+01  1.703e+01
-2.66071e+00 -9.30000e-01  2.712e+01  1.727e+01
-2.30595e+00 -9.30000e-01  2.731e+01  1.749e+01
-1.95119e+00 -9.30000e-01  2.747e+01  1.768e+01
-1.59643e+00 -9.30000e-01  2.760e+01  1.785e+01
-1.24167e+00 -9.30000e-01  2.771e+01  1.798e+01
-8.86905e-01 -9.30000e-01  2.778e+01  1.808e+01
-5.32143e-01 -9.30000e-01  2.784e+01  1.815e+01
-1.77381e-01 -9.30000e-01  2.786e+01  1.819e+01
 1.77381e-01 -9.30000e-01  2.786e+01  1.819e+01
 5.32143e-01 -9.30000e-01  2.784e+01  1.815e+01
 8.86905e-01 -9.30000e-01  2.778e+01  1.808e+01
 1.24167e+00 -9.30000e-01  2.771e+01  1.798e+01
 1.59643e+00 -9.30000e-01  2.760e+01  1.785e+01
 1.95119e+00 -9.30000e-01  2.747e+01  1.768e+01
 2.30595e+00 -9.30000e-01  2.731e+01  1.749e+01
 2.66071e+00 -9.30000e-01  2.712e+01  1.727e+01
 3.01548e+00 -9.30000e-01  2.690e+01  1.703e+01
 3.37024e+00 -9.30000e-01  2.666e+01  1.677e+01
 3.72500e+00 -9.30000e-01  2.638e+01  1.649e+01
-3.72500e+00 -8.41429e-01  2.656e+01  1.664e+01
-3.37024e+00 -8.41429e-01  2.684e+01  1.692e+01
-3.01548e+00 -8.41429e-01  2.709e+01  1.719e+01
-2.66071e+00 -8.41429e-01  2.730e+01  1.743e+01
-2.30595e+00 -8.41429e-01  2.749e+01  1.765e+01
-1.95119e+00 -8.41429e-01  2.765e+01  1.785e+01
-1.59643e+00 -8.41429e-01  2.779e+01  1.801e+01
-1.24167e+00 -8.41429e-01  2.789e+01  1.815e+01
-8.86905e-01 -8.41429e-01  2.797e+01  1.825e+01
-5.32143e-01 -8.41429e-01  2.802e+01  1.832e+01
-1.77381e-01 -8.41429e-01  2.805e+01  1.835e+01
 1.77381e-01 -8.41429e-01  2.805e+01  1.835e+01
 5.32143e-01 -8.41429e-01  2.802e+01  1.832e+01
 8.86905e-01 -8.41429e-01  2.797e+01  1.825e+01
 1.24167e+00 -8.41429e-01  2.789e+01  1.815e+01
 1.59643e+00 -8.41429e-01  2.779e+01  1.801e+01
 1.95119e+00 -8.41429e-01  2.765e+01  1.785e+01
 2.30595e+00 -8.41429e-01  2.749e+01  1.765e+01
 2.66071e+00 -8.41429e-01  2.730e+01  1.743e+01
 3.01548e+00 -8.41429e-01  2.708e+01  1.719e+01
 3.37024e+00 -8.41429e-01  2.684e+01  1.692e+01
 3.72500e+00 -8.41429e-01  2.656e+01  1.664e+01
-3.72500e+00 -7.52857e-01  2.672e+01  1.678e+01
-3.37024e+00 -7.52857e-01  2.700e+01  1.706e+01
-3.01548e+00 -7.52857e-01  2.725e+01  1.733e+01
-2.66071e+00 -7.52857e-01  2.747e+01  1.758e+01
-2.30595e+00 -7.52857e-01  2.766e+01  1.780e+01
-1.95119e+00 -7.52857e-01  2.782e+01  1.799e+01
-1.59643e+00 -7.52857e-01  2.795e+01  1.816e+01
-1.24167e+00 -7.52857e-01  2.806e+01  1.830e+01
-8.86905e-01 -7.52857e-01  2.814e+01  1.840e+01
-5.32143e-01 -7.52857e-01  2.819e+01  1.847e+01
-1.77381e-01 -7.52857e-01  2.822e+01  1.851e+01
 1.77381e-01 -7.52857e-01  2.822e+01  1.851e+01
 5.32143e-01 -7.52857e-01  2.819e+01  1.847e+01
 8.86905e-01 -7.52857e-01  2.814e+01  1.840e+01
 1.24167e+00 -7.52857e-01  2.806e+01  1.830e+01
 1.59643e+00 -7.52857e-01  2.795e+01  1.816e+01
 1.95119e+00 -7.52857e-01  2.782e+01  1.799e+01
 2.30595e+00 -7.52857e-01  2.766e+01  1.780e+01
 2.66071e+00 -7.52857e-01  2.747e+01  1.758e+01
 3.01548e+00 -7.52857e-01  2.725e+01  1.733e+01
 3.37024e+00 -7.52857e-01  2.700e+01  1.706e+01
 3.72500e+00 -7.52857e-01  2.672e+01  1.678e+01
-3.72500e+00 -6.64286e-01  2.686e+01  1.691e+01
-3.37024e+00 -6.64286e-01  2.714e+01  1.719e+01
-3.01548e+00 -6.64286e-01  2.740e+01  1.746e+01
-2.66071e+00 -6.64286e-01  2.762e+01  1.771e+01
-2.30595e+00 -6.64286e-01  2.781e+01  1.793e+01
-1.95119e+00 -6.64286e-01  2.797e+01  1.813e+01
-1.59643e+00 -6.64286e-01  2.810e+01  1.829e+01
-1.24167e+00 -6.64286e-01  2.821e+01  1.843e+01
-8.86905e-01 -6.64286e-01  2.829e+01  1.854e+01
-5.32143e-01 -6.64286e-01  2.834e+01  1.861e+01
-1.77381e-01 -6.64286e-01  2.837e+01  1.864e+01
 1.77381e-01 -6.64286e-01  2.837e+01  1.864e+01
 5.32143e-01 -6.64286e-01  2.834e+01  1.861e+01
 8.86905e-01 -6.64286e-01  2.829e+01  1.854e+01
 1.24167e+00 -6.64286e-01  2.821e+01  1.843e+01
 1.59643e+00 -6.64286e-01  2.810e+01  1.829e+01
 1.95119e+00 -6.64286e-01  2.797e+01  1.813e+01
 2.30595e+00 -6.64286e-01  2.781e+01  1.793e+01
 2.66071e+00 -6.64286e-01  2.762e+01  1.771e+01
 3.01548e+00 -6.64286e-01  2.740e+01  1.746e+01
 3.37024e+00 -6.64286e-01  2.714e+01  1.719e+01
 3.72500e+00 -6.64286e-01  2.686e+01  1.691e+01
-3.72500e+00 -5.75714e-01  2.699e+01  1.702e+01
-3.37024e+00 -5.75714e-01  2.727e+01  1.730e+01
-3.01548e+00 -5.75714e-01  2.753e+01  1.757e+01
-2.66071e+00 -5.75714e-01  2.775e+01  1.782e+01
-2.30595e+00 -5.75714e-01  2.794e+01  1.804e+01
-1.95119e+00 -5.75714e-01  2.810e+01  1.824e+01
-1.59643e+00 -5.75714e-01  2.824e+01  1.841e+01
-1.24167e+00 -5.75714e-01  2.834e+01  1.855e+01
-8.86905e-01 -5.75714e-01  2.842e+01  1.865e+01
-5.32143e-01 -5.75714e-01  2.847e+01  1.872e+01
-1.77381e-01 -5.75714e-01  2.850e+01  1.876e+01
 1.77381e-01 -5.75714e-01  2.850e+01  1.876e+01
 5.32143e-01 -5.75714e-01  2.847e+01  1.872e+01
 8.86905e-01 -5.75714e-01  2.842e+01  1.865e+01
 1.24167e+00 -5.75714e-01  2.834e+01  1.855e+01
 1.59643e+00 -5.75714e-01  2.823e+01  1.841e+01
 1.95119e+00 -5.75714e-01  2.810e+01  1.824e+01
 2.30595e+00 -5.75714e-01  2.794e+01  1.804e+01
 2.66071e+00 -5.75714e-01  2.775e+01  1.782e+01
 3.01548e+00 -5.75714e-01  2.752e+01  1.757e+01
 3.37024e+00 -5.75714e-01  2.727e+01  1.730e+01
 3.72500e+00 -5.75714e-01  2.699e+01  1.702e+01
-3.72500e+00 -4.87143e-01  2.710e+01  1.711e+01
-3.37024e+00 -4.87143e-01  2.738e+01  1.740e+01
-3.01548e+00 -4.87143e-01  2.764e+01  1.767e+01
-2.66071e+00 -4.87143e-01  2.786e+01  1.792e+01
-2.30595e+00 -4.87143e-01  2.805e+01  1.814e+01
-1.95119e+00 -4.87143e-01  2.821e+01  1.834e+01
-1.59643e+00 -4.87143e-01  2.835e+01  1.851e+01
-1.24167e+00 -4.87143e-01  2.846e+01  1.865e+01
-8.86905e-01 -4.87143e-01  2.854e+01  1.876e+01
-5.32143e-01 -4.87143e-01  2.859e+01  1.883e+01
-1.77381e-01 -4.87143e-01  2.862e+01  1.886e+01
 1.77381e-01 -4.87143e-01  2.862e+01  1.886e+01
 5.32143e-01 -4.87143e-01  2.859e+01  1.883e+01
 8.86905e-01 -4.87143e-01  2.854e+01  1.876e+01
 1.24167e+00 -4.87143e-01  2.846e+01  1.865e+01
 1.59643e+00 -4.87143e-01  2.835e+01  1.851e+01
 1.95119e+00 -4.87143e-01  2.821e+01  1.834e+01
 2.30595e+00 -4.87143e-01  2.805e+01  1.814e+01
 2.66071e+00 -4.87143e-01  2.786e+01  1.792e+01
 3.01548e+00 -4.87143e-01  2.764e+01  1.767e+01
 3.37024e+00 -4.87143e-01  2.738e+01  1.740e+01
 3.72500e+00 -4.87143e-01  2.710e+01  1.711e+01
-3.72500e+00 -3.98571e-01  2.719e+01  1.719e+01
-3.37024e+00 -3.98571e-01  2.748e+01  1.748e+01
-3.01548e+00 -3.98571e-01  2.773e+01  1.775e+01
-2.66071e+00 -3.98571e-01  2.795e+01  1.800e+01
-2.30595e+00 -3.98571e-01  2.815e+01  1.823e+01
-1.95119e+00 -3.98571e-01  2.831e+01  1.843e+01
-1.59643e+00 -3.98571e-01  2.844e+01  1.860e+01
-1.24167e+00 -3.98571e-01  2.855e+01  1.874e+01
-8.86905e-01 -3.98571e-01  2.863e+01  1.884e+01
-5.32143e-01 -3.98571e-01  2.869e+01  1.891e+01
-1.77381e-01 -3.98571e-01  2.871e+01  1.895e+01
 1.77381e-01 -3.98571e-01  2.871e+01  1.895e+01
 5.32143e-01 -3.98571e-01  2.869e+01  1.891e+01
 8.86905e-01 -3.98571e-01  2.863e+01  1.884e+01
 1.24167e+00 -3.98571e-01  2.855e+01  1.874e+01
 1.59643e+00 -3.98571e-01  2.844e+01  1.860e+01
 1.95119e+00 -3.98571e-01  2.831e+01  1.843e+01
 2.30595e+00 -3.98571e-01  2.814e+01  1.823e+01
 2.66071e+00 -3.98571e-01  2.795e+01  1.800e+01
 3.01548e+00 -3.98571e-01  2.773e+01  1.775e+01
 3.37024e+00 -3.98571e-01  2.748e+01  1.748e+01
 3.72500e+00 -3.98571e-01  2.719e+01  1.719e+01
-3.72500e+00 -3.10000e-01  2.726e+01  1.725e+01
-3.37024e+00 -3.10000e-01  2.755e+01  1.754e+01
-3.01548e+00 -3.10000e-01  2.780e+01  1.781e+01
-2.66071e+00 -3.10000e-01  2.803e+01  1.806e+01
-2.30595e+00 -3.10000e-01  2.822e+01  1.829e+01
-1.95119e+00 -3.10000e-01  2.838e+01  1.849e+01
-1.59643e+00 -3.10000e-01  2.852e+01  1.866e+01
-1.24167e+00 -3.10000e-01  2.863e+01  1.880e+01
-8.86905e-01 -3.10000e-01  2.871e+01  1.891e+01
-5.32143e-01 -3.10000e-01  2.876e+01  1.898e+01
-1.77381e-01 -3.10000e-01  2.879e+01  1.902e+01
 1.77381e-01 -3.10000e-01  2.879e+01  1.902e+01
 5.32143e-01 -3.10000e-01  2.876e+01  1.898e+01
 8.86905e-01 -3.10000e-01  2.871e+01  1.891e+01
 1.24167e+00 -3.10000e-01  2.863e+01  1.880e+01
 1.59643e+00 -3.10000e-01  2.852e+01  1.866e+01
 1.95119e+00 -3.10000e-01  2.838e+01  1.849e+01
 2.30595e+00 -3.10000e-01  2.822e+01  1.829e+01
 2.66071e+00 -3.10000e-01  2.803e+01  1.806e+01
 3.01548e+00 -3.10000e-01  2.780e+01  1.781e+01
 3.37024e+00 -3.10000e-01  2.755e+01  1.754e+01
 3.72500e+00 -3.10000e-01  2.726e+01  1.725e+01
-3.72500e+00 -2.21429e-01  2.732e+01  1.730e+01
-3.37024e+00 -2.21429e-01  2.761e+01  1.759e+01
-3.01548e+00 -2.21429e-01  2.786e+01  1.786e+01
-2.66071e+00 -2.21429e-01  2.808e+01  1.811e+01
-2.30595e+00 -2.21429e-01  2.828e+01  1.834e+01
-1.95119e+00 -2.21429e-01  2.844e+01  1.854e+01
-1.59643e+00 -2.21429e-01  2.858e+01  1.871e+01
-1.24167e+00 -2.21429e-01  2.869e+01  1.885e+01
-8.86905e-01 -2.21429e-01  2.877e+01  1.896e+01
-5.32143e-01 -2.21429e-01  2.882e+01  1.903e+01
-1.77381e-01 -2.21429e-01  2.885e+01  1.907e+01
 1.77381e-01 -2.21429e-01  2.885e+01  1.907e+01
 5.32143e-01 -2.21429e-01  2.882e+01  1.903e+01
 8.86905e-01 -2.21429e-01  2.877e+01  1.896e+01
 1.24167e+00 -2.21429e-01  2.869e+01  1.885e+01
 1.59643e+00 -2.21429e-01  2.858e+01  1.871e+01
 1.95119e+00 -2.21429e-01  2.844e+01  1.854e+01
 2.30595e+00 -2.21429e-01  2.828e+01  1.834e+01
 2.66071e+00 -2.21429e-01  2.808e+01  1.811e+01
 3.01548e+00 -2.21429e-01  2.786e+01  1.786e+01
 3.37024e+00 -2.21429e-01  2.761e+01  1.759e+01
 3.72500e+00 -2.21429e-01  2.732e+01  1.730e+01
-3.72500e+00 -1.32857e-01  2.736e+01  1.733e+01
-3.37024e+00 -1.32857e-01  2.764e+01  1.762e+01
-3.01548e+00 -1.32857e-01  2.790e+01  1.789e+01
-2.66071e+00 -1.32857e-01  2.812e+01  1.815e+01
-2.30595e+00 -1.32857e-01  2.832e+01  1.837e+01
-1.95119e+00 -1.32857e-01  2.848e+01  1.858e+01
-1.59643e+00 -1.32857e-01  2.862e+01  1.875e+01
-1.24167e+00 -1.32857e-01  2.872e+01  1.889e+01
-8.86905e-01 -1.32857e-01  2.881e+01  1.899e+01
-5.32143e-01 -1.32857e-01  2.886e+01  1.906e+01
-1.77381e-01 -1.32857e-01  2.889e+01  1.910e+01
 1.77381e-01 -1.32857e-01  2.889e+01  1.910e+01
 5.32143e-01 -1.32857e-01  2.886e+01  1.906e+01
 8.86905e-01 -1.32857e-01  2.880e+01  1.899e+01
 1.24167e+00 -1.32857e-01  2.872e+01  1.889e+01
 1.59643e+00 -1.32857e-01  2.862e+01  1.875e+01
 1.95119e+00 -1.32857e-01  2.848e+01  1.858e+01
 2.30595e+00 -1.32857e-01  2.832e+01  1.837e+01
 2.66071e+00 -1.32857e-01  2.812e+01  1.815e+01
 3.01548e+00 -1.32857e-01  2.790e+01  1.789e+01
 3.37024e+00 -1.32857e-01  2.764e+01  1.762e+01
 3.72500e+00 -1.32857e-01  2.736e+01  1.733e+01
-3.72500e+00 -4.42857e-02  2.737e+01  1.735e+01
-3.37024e+00 -4.42857e-02  2.766e+01  1.764e+01
-3.01548e+00 -4.42857e-02  2.792e+01  1.791e+01
-2.66071e+00 -4.42857e-02  2.814e+01  1.816e+01
-2.30595e+00 -4.42857e-02  2.833e+01  1.839e+01
-1.95119e+00 -4.42857e-02  2.850e+01  1.859e+01
-1.59643e+00 -4.42857e-02  2.864e+01  1.876e+01
-1.24167e+00 -4.42857e-02  2.874e+01  1.890e+01
-8.86905e-01 -4.42857e-02  2.882e+01  1.901e+01
-5.32143e-01 -4.42857e-02  2.888e+01  1.908e+01
-1.77381e-01 -4.42857e-02  2.890e+01  1.912e+01
 1.77381e-01 -4.42857e-02  2.890e+01  1.912e+01
 5.32143e-01 -4.42857e-02  2.888e+01  1.908e+01
 8.86905e-01 -4.42857e-02  2.882e+01  1.901e+01
 1.24167e+00 -4.42857e-02  2.874e+01  1.890e+01
 1.59643e+00 -4.42857e-02  2.864e+01  1.876e+01
 1.95119e+00 -4.42857e-02  2.850e+01  1.859e+01
 2.30595e+00 -4.42857e-02  2.833e+01  1.839e+01
 2.66071e+00 -4.42857e-02  2.814e+01  1.816e+01
 3.01548e+00 -4.42857e-02  2.792e+01  1.791e+01
 3.37024e+00 -4.42857e-02  2.766e+01  1.764e+01
 3.72500e+00 -4.42857e-02  2.737e+01  1.735e+01
-3.72500e+00  4.42857e-02  2.737e+01  1.735e+01
-3.37024e+00  4.42857e-02  2.766e+01  1.764e+01
-3.01548e+00  4.42857e-02  2.792e+01  1.791e+01
-2.66071e+00  4.42857e-02  2.814e+01  1.816e+01
-2.30595e+00  4.42857e-02  2.833e+01  1.839e+01
-1.95119e+00  4.42857e-02  2.850e+01  1.859e+01
-1.59643e+00  4.42857e-02  2.864e+01  1.876e+01
-1.24167e+00  4.42857e-02  2.874e+01  1.890e+01
-8.86905e-01  4.42857e-02  2.882e+01  1.901e+01
-5.32143e-01  4.42857e-02  2.888e+01  1.908e+01
-1.77381e-01  4.42857e-02  2.890e+01  1.912e+01
 1.77381e-01  4.42857e-02  2.890e+01  1.912e+01
 5.32143e-01  4.42857e-02  2.888e+01  1.908e+01
 8.86905e-01  4.42857e-02  2.882e+01  1.901e+01
 1.24167e+00  4.42857e-02  2.874e+01  1.890e+01
 1.59643e+00  4.42857e-02  2.864e+01  1.876e+01
 1.95119e+00  4.42857e-02  2.850e+01  1.859e+01
 2.30595e+00  4.42857e-02  2.833e+01  1.839e+01
 2.66071e+00  4.42857e-02  2.814e+01  1.816e+01
 3.01548e+00  4.42857e-02  2.792e+01  1.791e+01
 3.37024e+00  4.42857e-02  2.766e+01  1.764e+01
 3.72500e+00  4.42857e-02  2.737e+01  1.735e+01
-3.72500e+00  1.32857e-01  2.736e+01  1.733e+01
-3.37024e+00  1.32857e-01  2.764e+01  1.762e+01
-3.01548e+00  1.32857e-01  2.790e+01  1.789e+01
-2.66071e+00  1.32857e-01  2.812e+01  1.815e+01
-2.30595e+00  1.32857e-01  2.832e+01  1.837e+01
-1.95119e+00  1.32857e-01  2.848e+01  1.858e+01
-1.59643e+00  1.32857e-01  2.862e+01  1.875e+01
-1.24167e+00  1.32857e-01  2.872e+01  1.889e+01
-8.86905e-01  1.32857e-01  2.881e+01  1.899e+01
-5.32143e-01  1.32857e-01  2.886e+01  1.906e+01
-1.77381e-01  1.32857e-01  2.889e+01  1.910e+01
 1.77381e-01  1.32857e-01  2.889e+01  1.910e+01
 5.32143e-01  1.32857e-01  2.886e+01  1.906e+01
 8.86905e-01  1.32857e-01  2.880e+01  1.899e+01
 1.24167e+00  1.32857e-01  2.872e+01  1.889e+01
 1.59643e+00  1.32857e-01  2.862e+01  1.875e+01
 1.95119e+00  1.32857e-01  2.848e+01  1.858e+01
 2.30595e+00  1.32857e-01  2.832e+01  1.837e+01
 2.66071e+00  1.32857e-01  2.812e+01  1.815e+01
 3.01548e+00  1.32857e-01  2.790e+01  1.789e+01
 3.37024e+00  1.32857e-01  2.764e+01  1.762e+01
 3.72500e+00  1.32857e-01  2.736e+01  1.733e+01
-3.72500e+00  2.21429e-01  2.732e+01  1.730e+01
-3.37024e+00  2.21429e-01  2.761e+01  1.759e+01
-3.01548e+00  2.21429e-01  2.786e+01  1.786e+01
-2.66071e+00  2.21429e-01  2.808e+01  1.811e+01
-2.30595e+00  2.21429e-01  2.828e+01  1.834e+01
-1.95119e+00  2.21429e-01  2.844e+01  1.854e+01
-1.59643e+00  2.21429e-01  2.858e+01  1.871e+01
-1.24167e+00  2.21429e-01  2.869e+01  1.885e+01
-8.86905e-01  2.21429e-01  2.877e+01  1.896e+01
-5.32143e-01  2.21429e-01  2.882e+01  1.903e+01
-1.77381e-01  2.21429e-01  2.885e+01  1.907e+01
 1.77381e-01  2.21429e-01  2.885e+01  1.907e+01
 5.32143e-01  2.21429e-01  2.882e+01  1.903e+01
 8.86905e-01  2.21429e-01  2.877e+01  1.896e+01
 1.24167e+00  2.21429e-01  2.869e+01  1.885e+01
 1.59643e+00  2.21429e-01  2.858e+01  1.871e+01
 1.95119e+00  2.21429e-01  2.844e+01  1.854e+01
 2.30595e+00  2.21429e-01  2.828e+01  1.834e+01
 2.66071e+00  2.21429e-01  2.808e+01  1.811e+01
 3.01548e+00  2.21429e-01  2.786e+01  1.786e+01
 3.37024e+00  2.21429e-01  2.761e+01  1.759e+01
 3.72500e+00  2.21429e-01  2.732e+01  1.730e+01
-3.72500e+00  3.10000e-01  2.726e+01  1.725e+01
-3.37024e+00  3.10000e-01  2.755e+01  1.754e+01
-3.01548e+00  3.10000e-01  2.780e+01  1.781e+01
-2.66071e+00  3.10000e-01  2.803e+01  1.806e+01
-2.30595e+00  3.10000e-01  2.822e+01  1.829e+01
-1.95119e+00  3.10000e-01  2.838e+01  1.849e+01
-1.59643e+00  3.10000e-01  2.852e+01  1.866e+01
-1.24167e+00  3.10000e-01  2.863e+01  1.880e+01
-8.86905e-01  3.10000e-01  2.871e+01  1.891e+01
-5.32143e-01  3.10000e-01  2.876e+01  1.898e+01
-1.77381e-01  3.10000e-01  2.879e+01  1.902e+01
 1.77381e-01  3.10000e-01  2.879e+01  1.902e+01
 5.32143e-01  3.10000e-01  2.876e+01  1.898e+01
 8.86905e-01  3.10000e-01  2.871e+01  1.891e+01
 1.24167e+00  3.10000e-01  2.863e+01  1.880e+01
 1.59643e+00  3.10000e-01  2.852e+01  1.866e+01
 1.95119e+00  3.10000e-01  2.838e+01  1.849e+01
 2.30595e+00  3.10000e-01  2.822e+01  1.829e+01
 2.66071e+00  3.10000e-01  2.803e+01  1.806e+01
 3.01548e+00  3.10000e-01  2.780e+01  1.781e+01
 3.37024e+00  3.10000e-01  2.755e+01  1.754e+01
 3.72500e+00  3.10000e-01  2.726e+01  1.725e+01
-3.72500e+00  3.98571e-01  2.719e+01  1.719e+01
-3.37024e+00  3.98571e-01  2.748e+01  1.748e+01
-3.01548e+00  3.98571e-01  2.773e+01  1.775e+01
-2.66071e+00  3.98571e-01  2.795e+01  1.800e+01
-2.30595e+00  3.98571e-01  2.815e+01  1.823e+01
-1.95119e+00  3.98571e-01  2.831e+01  1.843e+01
-1.59643e+00  3.98571e-01  2.844e+01  1.860e+01
-1.24167e+00  3.98571e-01  2.855e+01  1.874e+01
-8.86905e-01  3.98571e-01  2.863e+01  1.884e+01
-5.32143e-01  3.98571e-01  2.869e+01  1.891e+01
-1.77381e-01  3.98571e-01  2.871e+01  1.895e+01
 1.77381e-01  3.98571e-01  2.871e+01  1.895e+01
 5.32143e-01  3.98571e-01  2.869e+01  1.891e+01
 8.86905e-01  3.98571e-01  2.863e+01  1.884e+01
 1.24167e+00  3.98571e-01  2.855e+01  1.874e+01
 1.59643e+00  3.98571e-01  2.844e+01  1.860e+01
 1.95119e+00  3.98571e-01  2.831e+01  1.843e+01
 2.30595e+00  3.98571e-01  2.814e+01  1.823e+01
 2.66071e+00  3.98571e-01  2.795e+01  1.800e+01
 3.01548e+00  3.98571e-01  2.773e+01  1.775e+01
 3.37024e+00  3.98571e-01  2.748e+01  1.748e+01
 3.72500e+00  3.98571e-01  2.719e+01  1.719e+01
-3.72500e+00  4.87143e-01  2.710e+01  1.711e+01
-3.37024e+00  4.87143e-01  2.738e+01  1.740e+01
-3.01548e+00  4.87143e-01  2.764e+01  1.767e+01
-2.66071e+00  4.87143e-01  2.786e+01  1.792e+01
-2.30595e+00  4.87143e-01  2.805e+01  1.814e+01
-1.95119e+00  4.87143e-01  2.821e+01  1.834e+01
-1.59643e+00  4.87143e-01  2.835e+01  1.851e+01
-1.24167e+00  4.87143e-01  2.846e+01  1.865e+01
-8.86905e-01  4.87143e-01  2.854e+01  1.876e+01
-5.32143e-01  4.87143e-01  2.859e+01  1.883e+01
-1.77381e-01  4.87143e-01  2.862e+01  1.886e+01
 1.77381e-01  4.87143e-01  2.862e+01  1.886e+01
 5.32143e-01  4.87143e-01  2.859e+01  1.883e+01
 8.86905e-01  4.87143e-01  2.854e+01  1.876e+01
 1.24167e+00  4.87143e-01  2.846e+01  1.865e+01
 1.59643e+00  4.87143e-01  2.835e+01  1.851e+01
 1.95119e+00  4.87143e-01  2.821e+01  1.834e+01
 2.30595e+00  4.87143e-01  2.805e+01  1.814e+01
 2.66071e+00  4.87143e-01  2.786e+01  1.792e+01
 3.01548e+00  4.87143e-01  2.764e+01  1.767e+01
 3.37024e+00  4.87143e-01  2.738e+01  1.740e+01
 3.72500e+00  4.87143e-01  2.710e+01  1.711e+01
-3.72500e+00  5.75714e-01  2.699e+01  1.702e+01
-3.37024e+00  5.75714e-01  2.727e+01  1.730e+01
-3.01548e+00  5.75714e-01  2.753e+01  1.757e+01
-2.66071e+00  5.75714e-01  2.775e+01  1.782e+01
-2.30595e+00  5.75714e-01  2.794e+01  1.804e+01
-1.95119e+00  5.75714e-01  2.810e+01  1.824e+01
-1.59643e+00  5.75714e-01  2.824e+01  1.841e+01
-1.24167e+00  5.75714e-01  2.834e+01  1.855e+01
-8.86905e-01  5.75714e-01  2.842e+01  1.865e+01
-5.32143e-01  5.75714e-01  2.847e+01  1.872e+01
-1.77381e-01  5.75714e-01  2.850e+01  1.876e+01
 1.77381e-01  5.75714e-01  2.850e+01  1.876e+01
 5.32143e-01  5.75714e-01  2.847e+01  1.872e+01
 8.86905e-01  5.75714e-01  2.842e+01  1.865e+01
 1.24167e+00  5.75714e-01  2.834e+01  1.855e+01
 1.59643e+00  5.75714e-01  2.823e+01  1.841e+01
 1.95119e+00  5.75714e-01  2.810e+01  1.824e+01
 2.30595e+00  5.75714e-01  2.794e+01  1.804e+01
 2.66071e+00  5.75714e-01  2.775e+01  1.782e+01
 3.01548e+00  5.75714e-01  2.752e+01  1.757e+01
 3.37024e+00  5.75714e-01  2.727e+01  1.730e+01
 3.72500e+00  5.75714e-01  2.699e+01  1.702e+01
-3.72500e+00  6.64286e-01  2.686e+01  1.691e+01
-3.37024e+00  6.64286e-01  2.714e+01  1.719e+01
-3.01548e+00  6.64286e-01  2.740e+01  1.746e+01
-2.66071e+00  6.64286e-01  2.762e+01  1.771e+01
-2.30595e+00  6.64286e-01  2.781e+01  1.793e+01
-1.95119e+00  6.64286e-01  2.797e+01  1.813e+01
-1.59643e+00  6.64286e-01  2.810e+01  1.829e+01
-1.24167e+00  6.64286e-01  2.821e+01  1.843e+01
-8.86905e-01  6.64286e-01  2.829e+01  1.854e+01
-5.32143e-01  6.64286e-01  2.834e+01  1.861e+01
-1.77381e-01  6.64286e-01  2.837e+01  1.864e+01
 1.77381e-01  6.64286e-01  2.837e+01  1.864e+01
 5.32143e-01  6.64286e-01  2.834e+01  1.861e+01
 8.86905e-01  6.64286e-01  2.829e+01  1.854e+01
 1.24167e+00  6.64286e-01  2.821e+01  1.843e+01
 1.59643e+00  6.64286e-01  2.810e+01  1.829e+01
 1.95119e+00  6.64286e-01  2.797e+01  1.813e+01
 2.30595e+00  6.64286e-01  2.781e+01  1.793e+01
 2.66071e+00  6.64286e-01  2.762e+01  1.771e+01
 3.01548e+00  6.64286e-01  2.740e+01  1.746e+01
 3.37024e+00  6.64286e-01  2.714e+01  1.719e+01
 3.72500e+00  6.64286e-01  2.686e+01  1.691e+01
-3.72500e+00  7.52857e-01  2.672e+01  1.678e+01
-3.37024e+00  7.52857e-01  2.700e+01  1.706e+01
-3.01548e+00  7.52857e-01  2.725e+01  1.733e+01
-2.66071e+00  7.52857e-01  2.747e+01  1.758e+01
-2.30595e+00  7.52857e-01  2.766e+01  1.780e+01
-1.95119e+00  7.52857e-01  2.782e+01  1.799e+01
-1.59643e+00  7.52857e-01  2.795e+01  1.816e+01
-1.24167e+00  7.52857e-01  2.806e+01  1.830e+01
-8.86905e-01  7.52857e-01  2.814e+01  1.840e+01
-5.32143e-01  7.52857e-01  2.819e+01  1.847e+01
-1.77381e-01  7.52857e-01  2.822e+01  1.851e+01
 1.77381e-01  7.52857e-01  2.822e+01  1.851e+01
 5.32143e-01  7.52857e-01  2.819e+01  1.847e+01
 8.86905e-01  7.52857e-01  2.814e+01  1.840e+01
 1.24167e+00  7.52857e-01  2.806e+01  1.830e+01
 1.59643e+00  7.52857e-01  2.795e+01  1.816e+01
 1.95119e+00  7.52857e-01  2.782e+01  1.799e+01
 2.30595e+00  7.52857e-01  2.766e+01  1.780e+01
 2.66071e+00  7.52857e-01  2.747e+01  1.758e+01
 3.01548e+00  7.52857e-01  2.725e+01  1.733e+01
 3.37024e+00  7.52857e-01  2.700e+01  1.706e+01
 3.72500e+00  7.52857e-01  2.672e+01  1.678e+01
-3.72500e+00  8.41429e-01  2.656e+01  1.664e+01
-3.37024e+00  8.41429e-01  2.684e+01  1.692e+01
-3.01548e+00  8.41429e-01  2.709e+01  1.719e+01
-2.66071e+00  8.41429e-01  2.730e+01  1.743e+01
-2.30595e+00  8.41429e-01  2.749e+01  1.765e+01
-1.95119e+00  8.41429e-01  2.765e+01  1.785e+01
-1.59643e+00  8.41429e-01  2.779e+01  1.801e+01
-1.24167e+00  8.41429e-01  2.789e+01  1.815e+01
-8.86905e-01  8.41429e-01  2.797e+01  1.825e+01
-5.32143e-01  8.41429e-01  2.802e+01  1.832e+01
-1.77381e-01  8.41429e-01  2.805e+01  1.835e+01
 1.77381e-01  8.41429e-01  2.805e+01  1.835e+01
 5.32143e-01  8.41429e-01  2.802e+01  1.832e+01
 8.86905e-01  8.41429e-01  2.797e+01  1.825e+01
 1.24167e+00  8.41429e-01  2.789e+01  1.815e+01
 1.59643e+00  8.41429e-01  2.779e+01  1.801e+01
 1.95119e+00  8.41429e-01  2.765e+01  1.785e+01
 2.30595e+00  8.41429e-01  2.749e+01  1.765e+01
 2.66071e+00  8.41429e-01  2.730e+01  1.743e+01
 3.01548e+00  8.41429e-01  2.708e+01  1.719e+01
 3.37024e+00  8.41429e-01  2.684e+01  1.692e+01
 3.72500e+00  8.41429e-01  2.656e+01  1.664e+01
-3.72500e+00  9.30000e-01  2.638e+01  1.649e+01
-3.37024e+00  9.30000e-01  2.666e+01  1.677e+01
-3.01548e+00  9.30000e-01  2.690e+01  1.703e+01
-2.66071e+00  9.30000e-01  2.712e+01  1.727e+01
-2.30595e+00  9.30000e-01  2.731e+01  1.749e+01
-1.95119e+00  9.30000e-01  2.747e+01  1.768e+01
-1.59643e+00  9.30000e-01  2.760e+01  1.785e+01
-1.24167e+00  9.30000e-01  2.771e+01  1.798e+01
-8.86905e-01  9.30000e-01  2.778e+01  1.808e+01
-5.32143e-01  9.30000e-01  2.784e+01  1.815e+01
-1.77381e-01  9.30000e-01  2.786e+01  1.819e+01
 1.77381e-01  9.30000e-01  2.786e+01  1.819e+01
 5.32143e-01  9.30000e-01  2.784e+01  1.815e+01
 8.86905e-01  9.30000e-01  2.778e+01  1.808e+01
 1.24167e+00  9.30000e-01  2.771e+01  1.798e+01
 1.59643e+00  9.30000e-01  2.760e+01  1.785e+01
 1.95119e+00  9.30000e-01  2.747e+01  1.768e+01
 2.30595e+00  9.30000e-01  2.731e+01  1.749e+01
 2.66071e+00  9.30000e-01  2.712e+01  1.727e+01
 3.01548e+00  9.30000e-01  2.690e+01  1.703e+01
 3.37024e+00  9.30000e-01  2.666e+01  1.677e+01
 3.72500e+00  9.30000e-01  2.638e+01  1.649e+01
