    1000.0      0.73417    
    1290.0      0.83046    
    1580.0      0.88545    
    1870.0      0.91897    
    2160.0      0.84195    
    2450.0      0.82921    
    2740.0      0.84801    
    3030.0      0.87235    
    3320.0      0.89212    
    3610.0      0.91086    
    3900.0      0.92553    
    4190.0      0.93716    
    4480.0      0.94648    
    4770.0      0.95403    
    5060.0      0.96021    
    5350.0      0.96532    
    5640.0      0.96958    
    5930.0      0.97316    
    6220.0      0.97618    
    6510.0      0.97876    
    6800.0      0.98097    
    7090.0      0.98288    
    7380.0      0.98453    
    7670.0      0.98598    
    7960.0      0.98724    
    8250.0      0.98835    
    8540.0      0.98934    
    8830.0      0.99021    
    9120.0      0.99099    
    9410.0      0.99168    
    9700.0      0.99231    
    9990.0      0.99288    
    10280.      0.99341    
    10570.      0.99390    
    10860.      0.99433    
    11150.      0.99473    
    11440.      0.99509    
    11730.      0.98803    
    12020.      0.98881    
    12310.      0.98952    
    12600.      0.99018    
    12890.      0.99078    
    13180.      0.99133    
    13470.      0.98860    
    13760.      0.98920    
    14050.      0.98847    
    14340.      0.98901    
    14630.      0.98952    
    14920.      0.99000    
    15210.      0.99045    
    15500.      0.99088    
    15790.      0.99128    
    16080.      0.99166    
    16370.      0.99202    
    16660.      0.99236    
    16950.      0.99269    
    17240.      0.99299    
    17530.      0.99328    
    17820.      0.99355    
    18110.      0.99381    
    18400.      0.99405    
    18690.      0.99428    
    18980.      0.99451    
    19270.      0.99472    
    19560.      0.99491    
    19850.      0.99510    
    20140.      0.99528    
    20430.      0.99546    
    20720.      0.99562    
    21010.      0.99578    
    21300.      0.99592    
    21590.      0.99607    
    21880.      0.99620    
    22170.      0.99633    
    22460.      0.99645    
    22750.      0.99657    
    23040.      0.99668    
    23330.      0.99679    
    23620.      0.99690    
    23910.      0.99699    
    24200.      0.99709    
    24490.      0.99718    
    24780.      0.99727    
    25070.      0.99735    
    25360.      0.99743    
    25650.      0.99751    
    25940.      0.99758    
    26230.      0.99765    
    26520.      0.99772    
    26810.      0.99779    
    27100.      0.99785    
    27390.      0.99791    
    27680.      0.99797    
    27970.      0.99803    
    28260.      0.99808    
    28550.      0.99813    
    28840.      0.99818    
    29130.      0.99823    
    29420.      0.99828    
    29710.      0.99832    
    30000.      0.99837    
